0.043382180094542325
0.06917234161931884
0.09535951349908368
0.11796789640620399
0.1466521178788111
===============================
0.04282144974996442
0.0685397244319862
0.09729086875507337
0.11251047807805703
0.14145254254865988
===============================
0.042997234800209436
0.06764929783587774
0.09651026380504221
0.11147559960291346
0.13909579944349107
===============================
0.04300637992046103
0.06680748498765737
0.09377018975500301
0.1135712691287116
0.13425151845506508
===============================
0.04185456793061413
0.06692503387902797
0.09079111437373412
0.1125367673575654
0.13668409030842868
===============================