31.38
23.02
32.71
10.46
4.79
13.09
26.29
45.67
22.65
22.62
29.17
18.96
24.79
12.54
6.73
9.65
5.88
10.23
10.01
9.69
35.73
5.06
5.08
10.31
15.49
14.02
10.54
7.78
5.91
3.18
3.48
2.54
11.41
5.19
10.22
8.42
14.04
14.78
26.72
15.07
35.62
26.58
37.63
41.81
21.76
17.36
11.42
17.18
39.97
38.26
25.93
4.55
6.57
8.68
11.5
6.9
5.13
6.04
5.22
5.02
14.69
4.35
15.6
9.82
26.32
11.46
18.47
14.6
14.74
9.43
8.76
7.07
7.61
13.24
10.82
16.85
8.58
8.93
11.12
27.06
24.07
20.15
15.67
17.28
14.49
11.84
11.63
11.71
15.43
18.69
14.01
17.82
15.05
34.95
17.47
17.16
10.71
14.39
23.35
12.25
2.58
3.29
6.98
5.8
6.16
7.14
6.74
5.77
11.58
7.8
8.88
4.24
5.1
5.82
5.45
2.56
13.61
4.33
27.03
26.3
13.79
10.43
17.54
16.47
13.3
12.86
14.19
10.16
11.07
24.6
20.27
10
7.8
19.83
15.1
19.08
4.06
12.49
8.11
6.29
5.25
5.39
4.39
5.01
3.39
5.42
5.03
5.2
4.48
16.28
9.46
10.13
9.92
11.18
12.47
12.76
10.85
19.6
13.3
5.77
6.38
6.22
5.67
5.29
5.99
7.63
6.67
5.67
3.49
3.65
7.92
21.63
12.94
13.66
10.66
14.95
18.92
18.16
12.23
15.09
8.59
33.57
33.71
10.64
15.49
14.24
9.07
12.82
17.4
9.72
23.54
13.24
15.22
13.65
12.62
11.18
13.01
11.46
23.23
22.35
