24.53
22.1
25.97
18.49
21.02
20.38
12.76
17.93
13.78
16.69
10.25
8.13
12.58
4.25
12.63
38.11
12.99
13.63
10.52
18.44
12.58
9.19
15.82
15.35
12.53
13.94
8.08
14.05
15.48
9.81
11.08
12.82
8.56
11.19
34.27
20.73
15.45
10.96
9.67
18.62
13.21
10.01
5.9
10.27
11.55
8.36
7.29
10.39
12.24
17.94
10.16
16.03
11.74
13.45
9.78
17.45
18.08
16.71
14.46
11.01
11.42
48.93
19.24
14.66
23.15
17.24
6.08
10.17
11.77
10.33
17.09
9.86
29.67
9.45
9.56
12.83
11.14
2.59
2.12
2.34
3.58
8.2
31.02
15.97
6.84
6.79
4.24
3.46
6.93
6.92
6.47
12.73
7.81
8.05
12.17
8.71
8
4.29
3.7
2.83
2.24
4.95
5.78
2.76
6.04
4.25
4.15
27.86
9.52
14.58
7.74
14.6
7.87
10.34
9.42
10.63
12.2
6.97
10.62
16.58
9.88
10.3
8.28
7.07
9.06
13.27
11.12
9.85
5.81
16.25
5.71
8.07
3.89
6.92
8.96
9.13
10.22
5.34
5.59
9.41
7.69
4.55
10.26
7.77
7.34
4.14
10.96
3.94
4.46
6.02
13.41
7.19
13.3
8.69
17.01
7.4
6.59
4.03
4.85
2.3
2.46
3.39
12.62
16.75
12.85
13.41
8.15
17.53
22.58
19.71
10.85
8.24
5.47
8.86
30.18
9.87
13.32
9.81
15.4
13.2
13.41
9.74
23.33
11.46
10.38
2.94
12.59
13.89
9.17
11.42
5.45
7.33
4.61
12.42
14.92
11.16
10.54
17.16
8.42
5.82
14.6
31
14
4.54
9.06
8.97
7.28
6.32
16.72
4.7
6.34
13.77
13.77
23.15
7.89
3.81
3.47
3.69
2.51
9.86
3.83
4.31
3.6
7.02
6.23
10.14
2.43
10.27
3.63
9.21
7.39
3.16
29.66
9.86
11.06
3.53
1.91
4.15
4.24
1.93
3.43
17.82
1.28
4.56
2.22
6.91
8.57
15.34
10.44
7.19
26.18
21.74
26.57
41.45
41.43
16.91
20.65
15.47
12.33
14.94
13.91
10.03
15.78
8.23
10.07
11.31
10.53
9.03
9.77
18.79
13.11
13.22
16.03
16.13
13.41
11.87
7
10.37
9.91
9.41
10.77
23.84
14.96
13.66
11.07
15.09
11.62
38.98
42.27
11.56
34.77
7.55
14.42
8.32
8.87
32.53
11.1
9.21
13.16
14.66
17.23
12.07
9.55
12.83
13.14
