0.0029077636771662947
0.00556060448066218
0.006528222140679023
0.006563282768512409
===============================
0.00514319232877722
0.007210449569945043
0.007708178623230622
0.007599374952076393
===============================
0.003957933033653677
0.006284346324128336
0.008271213445600929
0.008390912498841416
===============================
0.004075368210025448
0.007568467399248142
0.009546065953795212
0.010158437342120968
===============================
0.0048989008879715325
0.008429195561873264
0.011083745693020553
0.011851584715081144
===============================